16 solutions:

0: 2 0 2 8 
1: 3 6 8 5 
2: 1 8 3 3 
3: 0 2 5 6 
4: 4 3 1 4 
5: 6 1 6 1 
6: 5 7 0 2 
7: 7 4 4 0 
8: 8 5 7 7 

0: 2 0 2 8 
1: 3 7 8 5 
2: 1 8 3 3 
3: 0 2 5 6 
4: 4 3 1 4 
5: 6 1 6 1 
6: 5 6 0 2 
7: 7 4 4 0 
8: 8 5 7 7 

0: 2 0 2 5 
1: 3 6 8 8 
2: 1 8 3 3 
3: 0 2 5 6 
4: 4 3 1 4 
5: 6 1 6 1 
6: 5 7 0 2 
7: 7 4 4 0 
8: 8 5 7 7 

0: 2 0 2 5 
1: 3 7 8 8 
2: 1 8 3 3 
3: 0 2 5 6 
4: 4 3 1 4 
5: 6 1 6 1 
6: 5 6 0 2 
7: 7 4 4 0 
8: 8 5 7 7 

0: 2 0 3 3 
1: 3 6 8 8 
2: 1 8 2 5 
3: 0 2 5 6 
4: 4 3 1 4 
5: 6 1 6 1 
6: 5 7 0 2 
7: 7 4 4 0 
8: 8 5 7 7 

0: 2 0 3 3 
1: 3 7 8 8 
2: 1 8 2 5 
3: 0 2 5 6 
4: 4 3 1 4 
5: 6 1 6 1 
6: 5 6 0 2 
7: 7 4 4 0 
8: 8 5 7 7 

0: 2 6 2 8 
1: 3 0 8 5 
2: 1 8 3 3 
3: 0 2 5 6 
4: 4 3 1 4 
5: 6 1 6 1 
6: 5 7 0 2 
7: 7 4 4 0 
8: 8 5 7 7 

0: 2 6 2 5 
1: 3 0 8 8 
2: 1 8 3 3 
3: 0 2 5 6 
4: 4 3 1 4 
5: 6 1 6 1 
6: 5 7 0 2 
7: 7 4 4 0 
8: 8 5 7 7 

0: 2 6 3 3 
1: 3 0 8 8 
2: 1 8 2 5 
3: 0 2 5 6 
4: 4 3 1 4 
5: 6 1 6 1 
6: 5 7 0 2 
7: 7 4 4 0 
8: 8 5 7 7 

0: 2 5 7 8 
1: 3 0 8 5 
2: 1 8 3 3 
3: 0 2 5 6 
4: 4 3 1 4 
5: 6 1 6 1 
6: 5 6 0 2 
7: 7 4 4 0 
8: 8 7 2 7 

0: 2 5 7 8 
1: 3 0 8 5 
2: 1 8 3 3 
3: 0 2 5 6 
4: 4 3 1 4 
5: 6 1 6 1 
6: 5 7 0 2 
7: 7 4 4 0 
8: 8 6 2 7 

0: 2 5 7 5 
1: 3 0 8 8 
2: 1 8 3 3 
3: 0 2 5 6 
4: 4 3 1 4 
5: 6 1 6 1 
6: 5 6 0 2 
7: 7 4 4 0 
8: 8 7 2 7 

0: 2 5 7 5 
1: 3 0 8 8 
2: 1 8 3 3 
3: 0 2 5 6 
4: 4 3 1 4 
5: 6 1 6 1 
6: 5 7 0 2 
7: 7 4 4 0 
8: 8 6 2 7 

0: 2 7 2 8 
1: 3 0 8 5 
2: 1 8 3 3 
3: 0 2 5 6 
4: 4 3 1 4 
5: 6 1 6 1 
6: 5 6 0 2 
7: 7 4 4 0 
8: 8 5 7 7 

0: 2 7 2 5 
1: 3 0 8 8 
2: 1 8 3 3 
3: 0 2 5 6 
4: 4 3 1 4 
5: 6 1 6 1 
6: 5 6 0 2 
7: 7 4 4 0 
8: 8 5 7 7 

0: 2 7 3 3 
1: 3 0 8 8 
2: 1 8 2 5 
3: 0 2 5 6 
4: 4 3 1 4 
5: 6 1 6 1 
6: 5 6 0 2 
7: 7 4 4 0 
8: 8 5 7 7 

